# Pareto representation for the river pollution problem.
# Decision variable values are listen on each row first, then the corresponding objective function values
# Number of decision variables: 2
# Number of objective functions: 4
8.442741762102674574e-01 9.889029091080312472e-01 -5.986502379997307166e+00 -3.387902759613562242e+00 -6.327715003901010604e+00 7.605995561388176007e+00
8.969712694197137237e-01 9.246379199626350021e-01 -6.106124781582749961e+00 -3.223183790469865695e+00 -5.722634257548918413e+00 3.124329196533614628e+00
9.971614824480271588e-01 9.659133675839879363e-01 -6.333556565157021367e+00 -3.330945579231965326e+00 -7.885765101569441882e-01 5.154207031533005079e+00
9.881433726282842223e-01 8.576351095065075647e-01 -6.313085455866205287e+00 -3.129368315541210421e+00 -1.958496289426100212e+00 1.748329662134353146e+00
9.839458540162340228e-01 9.114807721359498016e-01 -6.303557088616852155e+00 -3.207931066773927586e+00 -2.383190330969824799e+00 2.743663666035629944e+00
9.891111935395238142e-01 9.597291679552023558e-01 -6.315282409334718849e+00 -3.312927947709305876e+00 -1.851357147016477356e+00 4.723166178784670599e+00
9.866450342445852728e-01 9.667221539351715798e-01 -6.309684227735209205e+00 -3.331633278050516012e+00 -2.117230795884558425e+00 5.215687617549901844e+00
9.801735772730628682e-01 9.240372032838828353e-01 -6.294994020409852453e+00 -3.230721296708875201e+00 -2.717184535217159080e+00 3.105122466723048369e+00
9.864951370265793162e-01 9.935071101246794045e-01 -6.309343961050335459e+00 -3.417976773387677358e+00 -2.132655673706337573e+00 8.365492732048572577e+00
9.355630430222053873e-01 5.776802377031681202e-01 -6.193728107660406934e+00 -2.943062578453946809e+00 -4.903395711581572058e+00 3.093618289112538555e-01
9.894675018064442718e-01 7.711186820018132160e-01 -6.316091229100628368e+00 -3.046620129975631031e+00 -1.810955371604344499e+00 9.779219867642643393e-01
9.369798874370769415e-01 7.980922985415597193e-01 -6.196944344482164801e+00 -3.061980490979752112e+00 -4.862028179183628396e+00 1.158977575709387864e+00
9.693956235193346149e-01 9.959946849558856119e-01 -6.270528065388889516e+00 -3.424989649445389528e+00 -3.485238175276015760e+00 8.836459417840842434e+00
9.438429555927015935e-01 7.536668355827701449e-01 -6.212523509195433391e+00 -3.028391848908829953e+00 -4.645035619565998530e+00 8.791287247698615914e-01
9.046721431281763426e-01 9.894896922817064677e-01 -6.123605764900960757e+00 -3.394512295422718928e+00 -5.595556543818635653e+00 7.695655138830882258e+00
9.546036255742015308e-01 9.623340648962956934e-01 -6.236950230053437849e+00 -3.315446077122091495e+00 -4.237570185652234755e+00 4.896760207503919382e+00
9.944066905230402043e-01 9.768404144307804016e-01 -6.327303187487300917e+00 -3.362713340636782178e+00 -1.191091821595236411e+00 6.110114672293684990e+00
9.974239271296512221e-01 9.785439688259931490e-01 -6.334152314584308385e+00 -3.368519819033122253e+00 -7.477455744888601430e-01 6.287925033908539518e+00
9.113405796895617250e-01 9.965508357596207789e-01 -6.138743115895305635e+00 -3.421029404790119077e+00 -5.473529942320698893e+00 8.948508164577884116e+00
9.831052018808519311e-01 9.203403621493997377e-01 -6.301648808269534108e+00 -3.224025514374759815e+00 -2.461205884058483839e+00 2.991046244021845713e+00
9.831237255660421059e-01 9.275456290693984140e-01 -6.301690857034915716e+00 -3.238061217565339156e+00 -2.459510044629470649e+00 3.220108582430946775e+00
9.785606661598011957e-01 7.816638950588575829e-01 -6.291332712182748921e+00 -3.053224160453187341e+00 -2.848232590614735216e+00 1.044168858442424686e+00
9.450418647847901310e-01 9.745187489033915185e-01 -6.215245033061473912e+00 -3.349299755659570277e+00 -4.604033118710972872e+00 5.881836299226205433e+00
9.966289067083143882e-01 9.906067821556705510e-01 -6.332347618227874619e+00 -3.408954981650909488e+00 -8.700437893546402179e-01 7.871792727061612815e+00
9.942267475831195744e-01 9.440460788589754015e-01 -6.326894717013681557e+00 -3.275084704378719902e+00 -1.215833929788924017e+00 3.869532567721445382e+00
7.513987624096658546e-01 9.078210345124030356e-01 -5.775675190669941728e+00 -3.182979287169181326e+00 -6.858648391056502369e+00 2.650909877215455346e+00
9.774041863819438181e-01 9.888416125834383896e-01 -6.288707503087012540e+00 -3.399920026243444582e+00 -2.938286080082677998e+00 7.596739612027183064e+00
9.692487088582102395e-01 6.661270370923009221e-01 -6.270194569108137550e+00 -2.981627407000695396e+00 -3.494176217824400688e+00 5.254362941085761740e-01
9.465543458225516016e-01 9.602010800537561508e-01 -6.218678365017192178e+00 -3.308848760095585817e+00 -4.550863894618046857e+00 4.753813445034911211e+00
9.986300877955279764e-01 7.403757697780383173e-01 -6.336890299295848905e+00 -3.026589368474345676e+00 -5.540186328270655380e-01 8.117285730294119261e-01
9.513511896098283405e-01 9.872572321416348551e-01 -6.229567200414310335e+00 -3.391236268142341803e+00 -4.370728433469829532e+00 7.364433878776076803e+00
9.962539326580955867e-01 9.615552456946463433e-01 -6.331496427133877170e+00 -3.318868190529612683e+00 -9.263128140044072367e-01 4.843707390342485652e+00
9.830764108478651231e-01 9.390116040091800453e-01 -6.301583452624654136e+00 -3.262134215505837709e+00 -2.463839649077852911e+00 3.649684396318233937e+00
6.822067123662339805e-01 9.318353824641366634e-01 -5.618609237071351181e+00 -3.224980532468956440e+00 -7.073261577635348019e+00 3.370511494090199456e+00
9.535693978528332337e-01 9.951187989951381097e-01 -6.234602533125931600e+00 -3.419802710484201480e+00 -4.280953129610537644e+00 8.665162495729902048e+00
7.486569183403948280e-01 8.802772607635357405e-01 -5.769451204632696673e+00 -3.139836624034452850e+00 -6.869144830810793856e+00 2.086536374525878479e+00
8.161772214645716117e-01 9.272957702889162990e-01 -5.922722292724578175e+00 -3.222753036975812169e+00 -6.534897830085127701e+00 3.211690178240618643e+00
9.860602330780391389e-01 9.650318911994588689e-01 -6.308356729087149617e+00 -3.326826980950232215e+00 -2.176956771163339965e+00 5.088636749073364385e+00
9.409302958202430123e-01 9.924466992173415214e-01 -6.205911771511951613e+00 -3.408542676552675843e+00 -4.740665130495049340e+00 8.178544688631760096e+00
9.428756764519188316e-01 9.543004378845665325e-01 -6.210327785545855406e+00 -3.293231788639356505e+00 -4.677406127802029800e+00 4.393836317874423081e+00
9.752634363776850890e-01 9.919573492932054481e-01 -6.283848000577345161e+00 -3.410762031195885502e+00 -3.096981760755400437e+00 8.094842591051644831e+00
8.021545588210546862e-01 9.618461846583197250e-01 -5.890890848523794077e+00 -3.302063357810351985e+00 -6.620025577050848042e+00 4.863408166135442912e+00
9.949898068771170223e-01 7.780242482056093367e-01 -6.328626861611056142e+00 -3.052732773092400986e+00 -1.109665163165058033e+00 1.020695362258436489e+00
9.677787582126952115e-01 9.962393372334050756e-01 -6.266857781142817885e+00 -3.425716864998289424e+00 -3.581706562316207432e+00 8.885428520939008479e+00
9.594755421786274052e-01 6.101735878740698338e-01 -6.248009480745484012e+00 -2.957076999212524537e+00 -4.018902084622997251e+00 3.776282483354298503e-01
9.655709338776425898e-01 9.666290187781313437e-01 -6.261846019902248983e+00 -3.328580767734834023e+00 -3.707003112413797652e+00 5.208542308260786236e+00
9.597947172818296346e-01 9.452173199340487830e-01 -6.248734008229753556e+00 -3.273180979711390215e+00 -4.003691858017703886e+00 3.923900077519478558e+00
9.658080989998182320e-01 9.947575040175697936e-01 -6.262384384729587694e+00 -3.419884107197563416e+00 -3.693883325382206095e+00 8.596279238797389866e+00
9.898671463159034456e-01 9.605037507551895670e-01 -6.316998422137101166e+00 -3.315090473938308246e+00 -1.765006766273619299e+00 4.773652326861038020e+00
8.070833786341374827e-01 9.688505925846528921e-01 -5.902079269499492575e+00 -3.321832609056970753e+00 -6.591273550795808234e+00 5.383813719516203911e+00
9.682050089341694976e-01 9.218110193322543999e-01 -6.267825370280565522e+00 -3.224861583971883050e+00 -3.556674721550871610e+00 3.035597440344882880e+00
9.901656995427017272e-01 9.701392820327812139e-01 -6.317676137961933058e+00 -3.341928350666703906e+00 -1.730235741765961954e+00 5.490322255431511422e+00
9.984187320831712231e-01 9.356956421148093783e-01 -6.336410521828799602e+00 -3.257221635949392180e+00 -5.887062042467965384e-01 3.516074013724417746e+00
9.180694533990954032e-01 7.358822537876936742e-01 -6.154017659215947234e+00 -3.014110873853174333e+00 -5.337232974960424592e+00 7.903003041635934256e-01
4.955266301633700077e-01 9.089053005319324141e-01 -5.194845450470849890e+00 -3.173799267652790856e+00 -7.369219401992986640e+00 2.677863501786704514e+00
9.946174888686321047e-01 9.194327709607733601e-01 -6.327781699731795051e+00 -3.224000405069158415e+00 -1.161877762696255090e+00 2.964079209674042925e+00
9.806496970621507714e-01 9.383260636136113719e-01 -6.296074812331082349e+00 -3.260294193218812087e+00 -2.677223709237636307e+00 3.621372367212121191e+00
9.754283991552349375e-01 9.923321642967370959e-01 -6.284222466082383107e+00 -3.412147145450992181e+00 -3.085105532205552059e+00 8.158811644030976140e+00
9.807468134856605069e-01 8.939761173637286173e-01 -6.296295266612450092e+00 -3.178439300830944170e+00 -2.668998800559167606e+00 2.341161887856639368e+00
9.842489134518050964e-01 9.241391792140358774e-01 -6.304245033535597287e+00 -3.231485079997488796e+00 -2.354526755210481603e+00 3.108369328972844237e+00
9.867197699835724700e-01 9.539142672300109371e-01 -6.309853877862710014e+00 -3.297634230612206618e+00 -2.109510093660207808e+00 4.371924201296311985e+00
9.857728161111813936e-01 9.660292712070133181e-01 -6.307704292572381632e+00 -3.329563408046523509e+00 -2.205870935896603768e+00 5.162939159481728879e+00
9.848644541144276898e-01 9.011692154640185137e-01 -6.305642310839751019e+00 -3.190502765086158821e+00 -2.295403788104549925e+00 2.494554053702964680e+00
7.809759099799518101e-01 9.344095264731799855e-01 -5.842815315654490860e+00 -3.235343537376997425e+00 -6.731069432369507055e+00 3.466434658192091511e+00
8.026117678622027851e-01 8.817533117555799160e-01 -5.891928713047200894e+00 -3.144908626229068194e+00 -6.617408824193110384e+00 2.111890913879581166e+00
9.929018729756382555e-01 9.322143280717731795e-01 -6.323887251654699782e+00 -3.249016655670745823e+00 -1.392638969487030032e+00 3.384354409899745342e+00
9.794424775855525844e-01 9.763131940467189018e-01 -6.293334424119205295e+00 -3.358921421902614668e+00 -2.777397796849470524e+00 6.056900278055204367e+00
9.781634078421530543e-01 8.673331232406643609e-01 -6.290430935801687440e+00 -3.140191901066137437e+00 -2.879523504107377008e+00 1.882479946927624326e+00
9.856119611705412842e-01 9.948280679799580417e-01 -6.307339151857128456e+00 -3.422761720342714753e+00 -2.221928676515851464e+00 8.609653179080137164e+00
9.730384352479954924e-01 8.935142251475111097e-01 -6.278797248012949694e+00 -3.176696489017181158e+00 -3.251767990374159645e+00 2.331816108936657361e+00
9.893310619594237743e-01 9.400517724936938713e-01 -6.315781510647892283e+00 -3.265329562971506228e+00 -1.826488511189173991e+00 3.693357240215894066e+00
9.745249098288113476e-01 8.982851751731528722e-01 -6.282171545311402205e+00 -3.184419030836884268e+00 -3.149458825891663594e+00 2.431222633336703076e+00
9.204826142996724858e-01 9.928295028006567380e-01 -6.159495534460257105e+00 -3.407939433569934895e+00 -5.284719373125195574e+00 8.245138375447044865e+00
7.816419311321683994e-01 9.005979994162887081e-01 -5.844327183670023018e+00 -3.172501008906379205e+00 -6.727856359817319110e+00 2.481807101246880976e+00
9.617647254612273766e-01 9.241586908296297587e-01 -6.253205926796987058e+00 -3.228614945094480326e+00 -3.907194299737009047e+00 3.108991201088051604e+00
9.484065704577491207e-01 5.005458588879796444e-01 -6.222882914939090959e+00 -2.922133466176315864e+00 -4.483454479511627788e+00 1.836006968501677772e-01
9.682254928734745913e-01 9.954710516491874772e-01 -6.267871868822787462e+00 -3.422862966059330603e+00 -3.555464689740564843e+00 8.733309216677394460e+00
9.394105067258549102e-01 8.922552453277216022e-01 -6.202461850267690480e+00 -3.170883612007663110e+00 -4.788443517077084266e+00 2.306633028950143327e+00
9.424616105979840563e-01 8.600181105028721351e-01 -6.209387856057423605e+00 -3.126680519708631145e+00 -4.691074095991305093e+00 1.779969609389125296e+00
9.951507178436497236e-01 9.693211098931148184e-01 -6.328992129505085273e+00 -3.340311342853644394e+00 -1.086853247387986166e+00 5.422274894464035988e+00
9.316406735071562917e-01 9.080318088788982278e-01 -6.184824328861244780e+00 -3.195789667638230025e+00 -5.012459392838264804e+00 2.656115661550426221e+00
9.266016278113121674e-01 8.715565571649797061e-01 -6.173385695131679007e+00 -3.139943564646605623e+00 -5.141844910374619992e+00 1.945664270990871358e+00
9.747698166954529286e-01 8.624192503302394730e-01 -6.282727483898678855e+00 -3.133456676807016450e+00 -3.132180792144124482e+00 1.812699015845778305e+00
9.624479431193544432e-01 9.559654451809289633e-01 -6.254756830880934260e+00 -3.299638626393445406e+00 -3.872637681053017644e+00 4.490517410071300120e+00
9.860577395161069791e-01 8.350191284410856118e-01 -6.308351068701563591e+00 -3.103284307175957935e+00 -2.177208857570630762e+00 1.484346214254322671e+00
9.323740161568171425e-01 9.451994426316925324e-01 -6.186489016675975172e+00 -3.270191261987923870e+00 -4.992652701333584631e+00 3.923060526314545271e+00
9.599487145810213784e-01 9.738540707382978834e-01 -6.249083582098919010e+00 -3.348955466337906195e+00 -3.996311771902202992e+00 5.819266090877408537e+00
9.720075882313390370e-01 5.150140316993292444e-01 -6.276457225285140495e+00 -2.928645698152459342e+00 -3.320234879366211089e+00 2.039742023476567301e-01
5.594720324248745325e-01 9.232536664044097563e-01 -5.340001513604465622e+00 -3.202567308003263502e+00 -7.296218554732556427e+00 3.080358680391995563e+00
7.888357548039720557e-01 9.256106133291880367e-01 -5.860657163405017300e+00 -3.217795746601320506e+00 -6.692056686950023092e+00 3.155843987653569549e+00
9.725668987320601477e-01 9.323185164871141684e-01 -6.277726860121776831e+00 -3.246396710206029823e+00 -3.283331978644391747e+00 3.388176938059698884e+00
9.834646906359363339e-01 8.851143431813227602e-01 -6.302464847743575405e+00 -3.165440411265802112e+00 -2.428109314695690024e+00 2.171395309242598159e+00
9.897816352273943741e-01 9.550496816483260432e-01 -6.316804311966185637e+00 -3.300937457632829641e+00 -1.774895264011557394e+00 4.436893580939162085e+00
9.794077485154718543e-01 9.746096155136735328e-01 -6.293255589130120953e+00 -3.353696535412348467e+00 -2.780224146216429659e+00 5.890483338450962947e+00
9.713060310277281673e-01 9.816964269495473960e-01 -6.274864690432943704e+00 -3.374942072374606195e+00 -3.365719535046274302e+00 6.642628035356447747e+00
9.293662803729161315e-01 9.245153838983316552e-01 -6.179661456446519985e+00 -3.225836094741602711e+00 -5.072271163632787072e+00 3.120395610777598527e+00
7.563625677841195882e-01 9.542440828721912016e-01 -5.786943028869951711e+00 -3.279760389920205466e+00 -6.839120440769630882e+00 4.390626847542539402e+00
9.572636802060424666e-01 8.756252323502775603e-01 -6.242988554067716578e+00 -3.148667474169681402e+00 -4.121227486502094806e+00 2.009557833332238364e+00
9.156921711229761840e-01 9.285902497802355215e-01 -6.148621228449156817e+00 -3.232657805531703676e+00 -5.387026457152834347e+00 3.255700755406407687e+00
8.920927520462880178e-01 9.964823548027385014e-01 -6.095050547145074660e+00 -3.419146503389505654e+00 -5.796433896283168075e+00 8.934569592114339542e+00
9.994052414504384085e-01 9.616746285780483072e-01 -6.338649898092495683e+00 -3.319687731008853504e+00 -4.239871249152118438e-01 4.851774468941202123e+00
9.963624215476987178e-01 9.574550549347731199e-01 -6.331742696913275736e+00 -3.308086766328264705e+00 -9.101239125334279478e-01 4.580172030995929511e+00
9.762176477071734526e-01 9.953382890257348459e-01 -6.286014060295284089e+00 -3.423388257602848483e+00 -3.027484365306844616e+00 8.707509144502406429e+00
8.656237214345674502e-01 7.843205538877108252e-01 -6.034965847656468263e+00 -3.044439232871137602e+00 -6.126028101046928853e+00 1.061728234634337742e+00
9.923805115953236999e-01 6.429253533495127293e-01 -6.322703761321385230e+00 -2.974483679363187250e+00 -1.459726294362432952e+00 4.587604676569256856e-01
9.675463906188133123e-01 9.370637111635711225e-01 -6.266330306704706032e+00 -3.255839866046651654e+00 -3.595234813112208272e+00 3.570190864830225408e+00
9.908056848845923081e-01 9.147405863437443330e-01 -6.319128904688025017e+00 -3.214761204343936640e+00 -1.654384523884615987e+00 2.830725725571614948e+00
9.726829780291208483e-01 7.123576089627398078e-01 -6.277990360126104008e+00 -3.005881234694502080e+00 -3.275600555926447832e+00 6.879367300469663160e-01
9.368308720483311536e-01 9.466965830455431608e-01 -6.196606079549711765e+00 -3.274132610280337641e+00 -4.866430590710050019e+00 3.994440317700305165e+00
9.735587051518990176e-01 9.768615091695449504e-01 -6.279978260694811354e+00 -3.359840482652688642e+00 -3.216451089280250031e+00 6.112261246840358098e+00
6.436862923861235153e-01 9.339588757312332623e-01 -5.531167883716500810e+00 -3.227702041627585228e+00 -7.159187995892947853e+00 3.449316513073776846e+00
9.982861664293837256e-01 8.483072972373371101e-01 -6.336109597794701287e+00 -3.119843455774292451e+00 -6.102991430591657718e-01 1.631969493748980149e+00
9.887272117178753650e-01 6.206554129402438447e-01 -6.314410770599577560e+00 -2.964892923405579417e+00 -1.894313570336174202e+00 4.021139335596595199e-01
9.760482794116338567e-01 9.774793070928822214e-01 -6.285629594264409370e+00 -3.362091518494428222e+00 -3.039962425126177870e+00 6.175731806430526660e+00
6.703489463924969805e-01 9.339375762306628692e-01 -5.591692108310968301e+00 -3.228838727007448117e+00 -7.101719928881668586e+00 3.448510922862697115e+00
9.791016928075788606e-01 9.374529065631940217e-01 -6.292560842673204036e+00 -3.258179677838035193e+00 -2.805000952641798939e+00 3.585840942446500534e+00
9.948399815594887174e-01 9.470234257959090352e-01 -6.328286758140039936e+00 -3.282105677380630304e+00 -1.130771242312228253e+00 4.010317085318008345e+00
9.412929514567397460e-01 9.690886272993395334e-01 -6.206734999806799991e+00 -3.332847456457654900e+00 -4.729054637954304141e+00 5.403210781291656772e+00
9.633689256586065452e-01 9.770974274294770279e-01 -6.256847461245037323e+00 -3.359302336558235957e+00 -3.825127055309867963e+00 6.136360284897098616e+00
9.302269541730723290e-01 5.307930374934689555e-01 -6.181615185972874293e+00 -2.928276892233926176e+00 -5.049919401861489909e+00 2.277384542986833349e-01
8.043145937779906385e-01 9.512749165660843165e-01 -5.895794127876039070e+00 -3.275072218484163411e+00 -6.607573463047744511e+00 4.227057361544305891e+00
9.989764552786560836e-01 8.154707704477547336e-01 -6.337676553482549657e+00 -3.085574784316833963e+00 -4.964689657024248248e-01 1.298784080171151434e+00
9.887236801577283796e-01 9.960886168919464989e-01 -6.314402753958043846e+00 -3.427963943787687207e+00 -1.894705879187264408e+00 8.855201502685186910e+00
9.841250803208559939e-01 9.584158412101576596e-01 -6.303963932328343844e+00 -3.308766441870000019e+00 -2.366274052644484094e+00 4.639656893987111452e+00
9.948749062677206823e-01 9.967971241661548465e-01 -6.328366037227725727e+00 -3.431588108589349151e+00 -1.125862862134086484e+00 8.998971810742137478e+00
9.499668241504288790e-01 8.996472316575254702e-01 -6.226424690821474428e+00 -3.183677952278334722e+00 -4.424605892256421313e+00 2.460815236170279086e+00
9.144749037645787393e-01 9.971613788676161327e-01 -6.145858031545594180e+00 -3.423645793377037450e+00 -5.411812205248429208e+00 9.074579107882247087e+00
9.909202472840803466e-01 8.828282397910909296e-01 -6.319388961334862387e+00 -3.163197855211414389e+00 -1.640613519098156559e+00 2.130649731857408913e+00
9.821729511202431651e-01 9.832470027875058749e-01 -6.299532599042952263e+00 -3.381483195591401092e+00 -2.545240201829303217e+00 6.830605943120333201e+00
9.733707275027406736e-01 9.210174189144991752e-01 -6.279551551431222123e+00 -3.224002374901615120e+00 -3.229271450365041041e+00 3.011423718987725984e+00
9.526841209343629435e-01 8.830801578827924825e-01 -6.232592954521004813e+00 -3.158638826388457943e+00 -4.317306018085030672e+00 2.135082533720034093e+00
8.603876339301748111e-01 9.731896197293820050e-01 -6.023079929021497136e+00 -3.338017156834476751e+00 -6.179880572767595837e+00 5.757892272337949535e+00
9.808655973076249035e-01 9.005755229229487346e-01 -6.296564905888308417e+00 -3.188974454790446167e+00 -2.658904433448129545e+00 2.481307615731175087e+00
8.982108374964936637e-01 8.206615022206347199e-01 -6.108938601117040790e+00 -3.079199257564342762e+00 -5.703090917999103837e+00 1.344840628261393611e+00
8.538690185761024232e-01 9.949085392040216691e-01 -6.008282672167752914e+00 -3.410350690291868325e+00 -6.242738005480935826e+00 8.624951758115628309e+00
7.984760908227381826e-01 9.888550187199617314e-01 -5.882540726167615475e+00 -3.384884064192437592e+00 -6.640717038193361788e+00 7.598762218327340001e+00
8.923274856721055137e-01 9.449944091190347617e-01 -6.095583392475679929e+00 -3.266151031512200653e+00 -5.792992368196875574e+00 3.913453501786132271e+00
7.979681778749579957e-01 9.178565760335165580e-01 -5.881387763776155353e+00 -3.203477908838626043e+00 -6.643524472298036443e+00 2.918171980701191437e+00
8.993321385210060193e-01 9.243470060368070840e-01 -6.111483954442683775e+00 -3.222810311267323868e+00 -5.685121991343233816e+00 3.115003626517753865e+00
8.643414223517804640e-01 8.689880395872739971e-01 -6.032055028738541935e+00 -3.131409472182341336e+00 -6.139509452982325755e+00 1.906871559720681120e+00
9.851042230362700991e-01 9.929116763058755124e-01 -6.306186586292334084e+00 -3.415587298502216651e+00 -2.272039299362216269e+00 8.259563644090501811e+00
9.999091194799754057e-01 9.494406219381810175e-01 -6.339793701219544886e+00 -3.288661470193977365e+00 -3.370104194369112349e-01 4.131150002987584280e+00
9.639862596706659792e-01 9.142135048714192802e-01 -6.258248809452412686e+00 -3.210215994039258725e+00 -3.792667639172344174e+00 2.816350852416440009e+00
9.436021863423387224e-01 9.210113678897335898e-01 -6.211976962997109553e+00 -3.220516872879701342e+00 -4.653151536016355116e+00 3.011240602885364659e+00
8.022037041150479331e-01 9.204795641730521005e-01 -5.891002408341159402e+00 -3.208646005272369095e+00 -6.619744786874165676e+00 2.995217512152986483e+00
9.896721331828778334e-01 9.255249828626469499e-01 -6.316555742325133060e+00 -3.234984287414434778e+00 -1.787512613186679644e+00 3.153048754291782885e+00
9.251455357896367637e-01 9.494035777196847548e-01 -6.170080366242475911e+00 -3.279423229474004220e+00 -5.177182405467866566e+00 4.129251512856728645e+00
9.900695907142385011e-01 9.947158585462643199e-01 -6.317457970921321220e+00 -3.422988993452658946e+00 -1.741471087994502120e+00 8.588404170981480235e+00
8.615657460028123271e-01 9.892290348295492697e-01 -6.025754243426383994e+00 -3.390242064910210296e+00 -6.168036002334448042e+00 7.655589881245904671e+00
9.877479017490251589e-01 9.717459323733375065e-01 -6.312187736970287233e+00 -3.346284936234090956e+00 -2.001214236372046429e+00 5.628436174172974482e+00
9.953296635329900166e-01 9.640492090992627272e-01 -6.329398336219887788e+00 -3.325494977849305922e+00 -1.061307459345234072e+00 5.017244539070353504e+00
9.622285111716917250e-01 9.150223993710869808e-01 -6.254258720359739954e+00 -3.211470170789919809e+00 -3.883799413206857842e+00 2.838459910999074243e+00
9.706855966149443571e-01 9.843693598187283067e-01 -6.273456304315923937e+00 -3.383701237798121930e+00 -3.405218688465620147e+00 6.972772172027820403e+00
8.160091399905956555e-01 9.552593702199989600e-01 -5.922340747778652492e+00 -3.285694332699577114e+00 -6.535981339875097440e+00 4.449074329146069928e+00
8.047038527594463364e-01 9.953822523368938135e-01 -5.896677745763943435e+00 -3.408993978438418893e+00 -6.605305103382995924e+00 8.716037034165768915e+00
9.113859047390127088e-01 9.898672069652421079e-01 -6.138846003757558734e+00 -3.396432683140724329e+00 -5.472658334436051319e+00 7.754366546435480068e+00
7.631308086041383998e-01 9.895666934192823838e-01 -5.802306935531394316e+00 -3.385424619936715285e+00 -6.811347270055974512e+00 7.707564297815410193e+00
9.986061025365196020e-01 8.934178848898671754e-01 -6.336835852757899623e+00 -3.180209882452269099e+00 -5.579713245791282361e-01 2.329874063158792197e+00
8.606106700409487109e-01 9.398252199975413168e-01 -6.023586220992953599e+00 -3.252047803605630172e+00 -6.177649995010799699e+00 3.683770649014940446e+00
9.670985336386613840e-01 9.930877126330419635e-01 -6.265313671359761472e+00 -3.413850992162227094e+00 -3.621077791846198046e+00 8.290622933963376795e+00
9.675533478650789609e-01 9.923575727417777159e-01 -6.266346099653729240e+00 -3.411234725266940160e+00 -3.594830963563565795e+00 8.163181670291617564e+00
9.994001416623081724e-01 9.440060020938135787e-01 -6.338638321573439427e+00 -3.275804503448740856e+00 -4.248573788310068267e-01 3.867694843639693403e+00
9.709364190472687950e-01 8.478572899293311815e-01 -6.274025671237300372e+00 -3.115444422211387732e+00 -3.389331259234481308e+00 1.626638821239084542e+00
8.185813948446644117e-01 9.874150827334298164e-01 -5.928179766297388298e+00 -3.381067703273931357e+00 -6.519219871724436288e+00 7.386994697938644272e+00
9.048638902449230859e-01 9.594681760887133759e-01 -6.124041030855975620e+00 -3.302927046190807125e+00 -5.592211887687264849e+00 4.706363822656104645e+00
9.974191845182063254e-01 9.154482401805059677e-01 -6.334141548856328185e+00 -3.217061110409918712e+00 -7.484875077897514828e-01 2.850211468772280821e+00
8.890842945997371460e-01 9.987588683051096261e-01 -6.088221348741403638e+00 -3.427696214180849132e+00 -5.839612750561961718e+00 9.420541685297173728e+00
9.656585633866967555e-01 9.750093856266288661e-01 -6.262044938887802559e+00 -3.353144192798362511e+00 -3.702164781201552124e+00 5.928796980633389779e+00
9.849989034819812694e-01 9.138105969901726411e-01 -6.305947510904097442e+00 -3.212237396640638565e+00 -2.282325648944200758e+00 2.805441356798296315e+00
9.547922697021133942e-01 9.254749152192045525e-01 -6.237378452223797609e+00 -3.230385810793839685e+00 -4.229548428611783706e+00 3.151416275226143426e+00
9.485864057357823453e-01 9.669932257551810961e-01 -6.223291141020226291e+00 -3.327648628855012447e+00 -4.476769909857493346e+00 5.236582659988579636e+00
9.982255691968675571e-01 9.000294196025314664e-01 -6.335972042076889466e+00 -3.190645973868277530e+00 -6.201278699117622750e-01 2.469219993887921127e+00
9.533967858297096587e-01 7.910292580907175575e-01 -6.234210703833441336e+00 -3.057741057391000439e+00 -4.288097101423268498e+00 1.107750211117060513e+00
9.505271674253512604e-01 9.727887517200373146e-01 -6.227696670055547834e+00 -3.344686539289601246e+00 -4.402990787445165033e+00 5.721419401850111441e+00
9.987046607829912492e-01 8.982399599018859870e-01 -6.337059579977390555e+00 -3.187832058031773830e+00 -5.417025139782474241e-01 2.430249807250834504e+00
8.071286927862961758e-01 9.286293205848858978e-01 -5.902182132624892219e+00 -3.224887921188217099e+00 -6.591003555959403570e+00 3.257044517343012480e+00
9.978636239275987529e-01 9.196075844755410289e-01 -6.335150426315649952e+00 -3.224835976870147558e+00 -6.782969435769015121e-01 2.969242679566889809e+00
9.898136179075026631e-01 8.705309990556597821e-01 -6.316876912650030818e+00 -3.146030836562046407e+00 -1.771200442745782588e+00 1.930036115564155885e+00
9.927930062058265559e-01 9.439045655776628907e-01 -6.323640124087226866e+00 -3.274541386101873730e+00 -1.406760493163474735e+00 3.863050053579457632e+00
9.391153409454116030e-01 9.789361476125784112e-01 -6.201791823946084747e+00 -3.362387564875246593e+00 -4.797561805832358139e+00 6.330178474486339191e+00
8.976858365747537594e-01 9.356420312439016618e-01 -6.107746849024691116e+00 -3.245768547129026516e+00 -5.711408878227551611e+00 3.513981225867900626e+00
8.315932531580546572e-01 9.220108047278872121e-01 -5.957716684668784346e+00 -3.213367870141328630e+00 -6.428107020091249346e+00 3.041732817588583160e+00
7.654296851492929932e-01 9.427690214504376165e-01 -5.807525385288895947e+00 -3.252833750527399204e+00 -6.801597901410911362e+00 3.811690225315978786e+00
9.961508982431848125e-01 9.355688741497997230e-01 -6.331262539012030288e+00 -3.256593017700719184e+00 -9.416198275810954144e-01 3.511128767672952122e+00
9.537471662415840656e-01 9.085331650415735538e-01 -6.235006067368395577e+00 -3.198980750553752639e+00 -4.273567134317462823e+00 2.668563763394443455e+00
7.246799760203003204e-01 9.174479334801841635e-01 -5.715023545566081609e+00 -3.198808616108119729e+00 -6.953004493264120178e+00 2.906457560460345313e+00
9.562454261961338409e-01 9.838226471018900465e-01 -6.240677117465224022e+00 -3.380133965452417399e+00 -4.166597430671919788e+00 6.902858701761748428e+00
8.596162886799564307e-01 7.095172183088938045e-01 -6.021328975303501529e+00 -2.993715314373811776e+00 -6.187552751085704017e+00 6.765905731078407648e-01
9.367200601080261091e-01 9.277718834884033372e-01 -6.196354536445220162e+00 -3.233018414129166906e+00 -4.869696393833438997e+00 3.227763028062527795e+00
9.959689780318254915e-01 9.425081595566692227e-01 -6.330849580132244192e+00 -3.271844664987405782e+00 -9.684859558633869270e-01 3.800054357614691902e+00
9.588462125834988914e-01 9.435267504536455352e-01 -6.246580902564542903e+00 -3.269176176750207219e+00 -4.048558107012178553e+00 3.845832570383461047e+00
9.856021503729408550e-01 9.607124110714071463e-01 -6.307316881346576309e+00 -3.315026863453135242e+00 -2.222905200392101044e+00 4.787413283993410040e+00
9.025255137489625046e-01 9.200453839418522017e-01 -6.118732916210145589e+00 -3.214815619700389870e+00 -5.632378158721458306e+00 2.982238138110274495e+00
7.349045320185577657e-01 4.626539010309975719e-01 -5.738233287682126260e+00 -2.898178682606397771e+00 -6.918892146132143317e+00 1.359512539428517908e-01
9.466787075840390475e-01 7.393613971182217970e-01 -6.218960666215768818e+00 -3.019165146987586645e+00 -4.546418431376989311e+00 8.068341235286689006e-01
4.302399064959508967e-01 9.023165582783240213e-01 -5.046644587745809041e+00 -3.160244791969270661e+00 -7.425377385733729518e+00 2.520469849922889249e+00
9.819943603408668453e-01 6.911750035686815563e-01 -6.299127197973767522e+00 -2.995622212173862486e+00 -2.561050075041634067e+00 6.079174957815622893e-01
7.845955751614667184e-01 9.122604772052329558e-01 -5.851031955616529778e+00 -3.192541807202738280e+00 -6.713403545230187675e+00 2.764093955322184382e+00
7.846223440959556594e-01 9.059829740024142319e-01 -5.851092721097819194e+00 -3.181632374772236371e+00 -6.713271018380273958e+00 2.606190055581600440e+00
9.824837914968882480e-01 9.774375948864109098e-01 -6.300238206697937215e+00 -3.362832788376206583e+00 -2.517503807123661730e+00 6.171409315259524853e+00
9.667179706241308956e-01 9.759980727688201130e-01 -6.264449793316777537e+00 -3.356305027167084010e+00 -3.642802003597161331e+00 6.025488131127781699e+00
9.213374217701548741e-01 9.808009432626485502e-01 -6.161435947418251402e+00 -3.366621992876503100e+00 -5.265620025043791230e+00 6.538271314841638038e+00
8.199519476098366955e-01 8.913865324115558542e-01 -5.931290921074329425e+00 -3.160197619550783710e+00 -6.510129204876939468e+00 2.289500179603208174e+00
9.816167498161098015e-01 6.812418749102824300e-01 -6.298270022082569142e+00 -2.990529672187832944e+00 -2.594180126981441958e+00 5.737680414360286640e-01
8.852150296722932632e-01 9.958393495935873307e-01 -6.079438117356105842e+00 -3.416157716568790637e+00 -5.892724902984364022e+00 8.805626013177633382e+00
8.466136581908988434e-01 9.903411441052856201e-01 -5.991813004093340389e+00 -3.393152743256437454e+00 -6.307765802231237728e+00 7.829243422029354527e+00
9.674425814794449519e-01 9.233032955499964611e-01 -6.266094659958340252e+00 -3.227641201560892625e+00 -3.601251928123382129e+00 3.081917642846159211e+00
7.442456081390380618e-01 9.436402273029134147e-01 -5.759437530475616462e+00 -3.253709242170285343e+00 -6.885616452163509926e+00 3.850990191939729357e+00
6.374603897201290836e-01 9.080952814988910715e-01 -5.517035084664692945e+00 -3.178084563863743384e+00 -7.171448153183690444e+00 2.657686511391575745e+00
9.655635826823034673e-01 9.870095246974048830e-01 -6.261829332688829020e+00 -3.392035648128855829e+00 -3.707408505496736950e+00 7.329282262839654116e+00
9.028130880407165826e-01 8.694951690215365625e-01 -6.119385709852426913e+00 -3.135070189768886628e+00 -5.627510634477008722e+00 1.914439531409419804e+00
9.832376387088366254e-01 9.668397602165605953e-01 -6.301949439869058978e+00 -3.331481711824502590e+00 -2.449058580702011767e+00 5.224735017423390637e+00
9.856945129655971805e-01 9.900677902976741107e-01 -6.307526544431905968e+00 -3.405397977344207128e+00 -2.213698811269440014e+00 7.785895871003927660e+00
9.880947382920274302e-01 9.734663373225053151e-01 -6.312975055922902534e+00 -3.351461721427831719e+00 -1.963782269561617611e+00 5.783311420565655503e+00
9.590293149913101667e-01 8.480646812361827269e-01 -6.246996545030274461e+00 -3.114233207765294331e+00 -4.039975117032977181e+00 1.629092448177722918e+00
9.824432253078205779e-01 6.260224922648111034e-01 -6.300146121448753078e+00 -2.966106280117259963e+00 -2.521139442522041918e+00 4.151693479932878628e-01
9.421417578740882703e-01 9.242542288967590114e-01 -6.208661790374180534e+00 -3.226613390418777705e+00 -4.701555907616603136e+00 3.112039116464945465e+00
9.990587993136328393e-01 9.181680577658635212e-01 -6.337863474441946643e+00 -3.222331782021791824e+00 -4.826568447622223701e-01 2.927152438756614572e+00
9.725836990717400266e-01 9.771503867039319502e-01 -6.277764996892850391e+00 -3.360613411109797610e+00 -3.282214554543299911e+00 6.141793465269162589e+00
9.065999636253658789e-01 8.705727364583010219e-01 -6.127981917429581316e+00 -3.136818828909396561e+00 -5.561502335230581906e+00 1.930668498864797300e+00
9.900549032552323769e-01 8.900803987591865418e-01 -6.317424630389377960e+00 -3.173782199272061177e+00 -1.743184559177800352e+00 2.264106821399818781e+00
9.692667387357681852e-01 9.535832896611103893e-01 -6.270235496930194330e+00 -3.294463394377485699e+00 -3.493081203846814198e+00 4.353293077233322705e+00
9.859969410350059027e-01 8.772034346582949782e-01 -6.308213056149464038e+00 -3.154528350097663747e+00 -2.183348565297500876e+00 2.035187723390710079e+00
9.924696270068142923e-01 9.757585083425338590e-01 -6.322906053305468177e+00 -3.359075591256311277e+00 -1.448355366224598484e+00 6.001801943181769516e+00
9.141218663030635794e-01 9.354279493308091942e-01 -6.145056636507954195e+00 -3.246723402579303031e+00 -5.418913385933180393e+00 3.505644853341618905e+00
8.208383150902660574e-01 7.098403338042390542e-01 -5.933302975254903799e+00 -2.991336097132761385e+00 -6.504189632244107955e+00 6.778711278182489863e-01
9.970525196531468959e-01 9.848128807729165102e-01 -6.333309219612644370e+00 -3.388909210091000102e+00 -8.053947589009800012e-01 7.030438783198521335e+00
9.894270614159936805e-01 8.748461439654096061e-01 -6.315999429414306476e+00 -3.151782008316073025e+00 -1.815567451226804963e+00 1.997083255700020210e+00
9.641995834435136414e-01 9.643282729810016551e-01 -6.258733054416776298e+00 -3.322009903088808613e+00 -3.781334172151328055e+00 5.037339358003932510e+00
7.833140551422185238e-01 9.889989320802379247e-01 -5.848122905172836283e+00 -3.384524560994889519e+00 -6.719715472390292987e+00 7.620536784859779367e+00
8.511812268417620064e-01 9.035289116675953025e-01 -6.002181384930800334e+00 -3.181612705011273690e+00 -6.267405150200803021e+00 2.548316646484923176e+00
9.278556303742793165e-01 9.940940823378408009e-01 -6.176232280949614406e+00 -3.413301087704304404e+00 -5.110699221752888377e+00 8.472390619789525346e+00
9.741754932584496540e-01 9.624071519910932793e-01 -6.281378369696680508e+00 -3.318018986422494709e+00 -3.173899970096654144e+00 4.901790920942567631e+00
9.154220112911175544e-01 8.484485248797346557e-01 -6.148007965630837290e+00 -3.110218413907594570e+00 -5.392568094369648790e+00 1.633647558330868943e+00
9.950826003700754541e-01 9.985000281471696493e-01 -6.328837502840071849e+00 -3.438197578736522431e+00 -1.096528396559091512e+00 9.362836630408793326e+00
7.974744985414335963e-01 9.792492462641817497e-01 -5.880267111689054360e+00 -3.352712393085639508e+00 -6.646241918686238037e+00 6.364279452746993471e+00
9.162775825048745659e-01 9.495766004136380056e-01 -6.149950112286065362e+00 -3.279018318920019048e+00 -5.374937451932582988e+00 4.138131599934012250e+00
8.042764664255155349e-01 9.694056896684842828e-01 -5.895707578785920333e+00 -3.323265475258063262e+00 -6.607795241882337578e+00 5.429240143129161922e+00
9.065203258045830825e-01 8.705879368565381249e-01 -6.127801139576403600e+00 -3.136832143269219220e+00 -5.562928116699952241e+00 1.930898883638974883e+00
9.823151896868734800e-01 8.578417038248554727e-01 -6.299855480589203083e+00 -3.128792683812974040e+00 -2.532582911855943308e+00 1.751040287453970556e+00
9.410666683331661009e-01 9.655850347896610675e-01 -6.206221337116287984e+00 -3.322898657500416242e+00 -4.736308759601409513e+00 5.129610885316592039e+00
9.589925881612409997e-01 9.750233389413622831e-01 -6.246913175126017848e+00 -3.352390549693097022e+00 -4.041699669090242253e+00 5.930142282153681776e+00
7.695819327605840643e-01 7.737179443513495514e-01 -5.816950987366526604e+00 -3.030191129702279440e+00 -6.783562913847962506e+00 9.937588324497146353e-01
9.123392138062690337e-01 9.878167570806608566e-01 -6.141010015340230943e+00 -3.389315533675339775e+00 -5.454186347614377262e+00 7.444975945225128733e+00
6.078950741213410280e-01 9.833377497738735595e-01 -5.449921818255444528e+00 -3.356844357874734008e+00 -7.224523397387527801e+00 6.841905087199207536e+00
9.912677186860301415e-01 9.577548738561445507e-01 -6.320177721417288730e+00 -3.308084212692311343e+00 -1.598479614580964991e+00 4.598592142232603486e+00
9.883832029992850599e-01 9.882917227223506629e-01 -6.313629870808377120e+00 -3.399525669406937567e+00 -1.932294320180032443e+00 7.514615861401163777e+00
9.110563796395598768e-01 9.001153078877252023e-01 -6.138097981781800883e+00 -3.180618450365743310e+00 -5.478981544028902917e+00 2.471114956902116244e+00
9.795152437671488244e-01 9.918249093386625193e-01 -6.293499603351428107e+00 -3.410848990578569051e+00 -2.771466002944958262e+00 8.072459054849918658e+00
8.556598502830843334e-01 9.303505657560708908e-01 -6.012347860142601697e+00 -3.231508139059141360e+00 -6.225907506909812206e+00 3.317163304508426336e+00
6.559125349721887099e-01 9.740263069203988211e-01 -5.558921454386868355e+00 -3.329428598594108557e+00 -7.133881674269416884e+00 5.835365537318560669e+00
9.782767945574968316e-01 9.757906515769843026e-01 -6.290688323645518665e+00 -3.357153539950888277e+00 -2.870630952863169050e+00 6.004970334200326221e+00
8.856919775985299115e-01 6.924529678818449607e-01 -6.080520789148662786e+00 -2.986419814798297434e+00 -5.886319264504166426e+00 6.124586816258441591e-01
8.860803074106440302e-01 9.392921287193959357e-01 -6.081402297822162240e+00 -3.252765835115074111e+00 -5.881075028317518161e+00 3.661376920974467986e+00
9.667045908023856882e-01 9.973315499385055904e-01 -6.264419421121415255e+00 -3.429762631953736651e+00 -3.643561885631531716e+00 9.110305470785348803e+00
9.905957866053449745e-01 9.818550274915034404e-01 -6.318652435594133365e+00 -3.378111919537851726e+00 -1.679462093068403661e+00 6.661424475822143698e+00
9.932229585636173086e-01 9.221692483898735748e-01 -6.324616115939411642e+00 -3.228986108679344547e+00 -1.350637055444690482e+00 3.046612959362231088e+00
6.926100041212408520e-01 9.272178511388410316e-01 -5.642224709355216916e+00 -3.216060814836506854e+00 -7.046621291536457221e+00 3.209072269689333012e+00
7.484066084706506583e-01 8.923468353806411901e-01 -5.768883001228377161e+00 -3.157640095028061644e+00 -6.870093066637900314e+00 2.308450890420065349e+00
9.141992082011627385e-01 9.172502296877775851e-01 -6.145232202616639938e+00 -3.210608385719229130e+00 -5.417361009453944831e+00 2.900817277541360095e+00
9.728428293968847118e-01 9.689222798947307869e-01 -6.278353222730927996e+00 -3.336016659468090673e+00 -3.264912387285952455e+00 5.389642445186107800e+00
6.840739819135138733e-01 9.319939800483513226e-01 -5.622847938943676738e+00 -3.225395677857610721e+00 -7.068599417063934354e+00 3.376293644219873435e+00
9.349233517439436980e-01 9.229968106500096026e-01 -6.192276008458752479e+00 -3.223431687316600680e+00 -4.921719602700640905e+00 3.072310779766019628e+00
9.097448365256575187e-01 9.651743270936719021e-01 -6.135120778913242923e+00 -3.318773172634947866e+00 -5.503839473281753492e+00 5.099132654001813592e+00
9.551673404718865612e-01 9.777142831451247629e-01 -6.238229862871182974e+00 -3.360270058036238350e+00 -4.213497821920483943e+00 6.200183266206780175e+00
9.638602054970781818e-01 8.711443566419958540e-01 -6.257962666478367630e+00 -3.143386739200471069e+00 -3.799336249665886456e+00 1.939360392993203064e+00
9.829883932040897054e-01 9.945017815697800856e-01 -6.301383652573283811e+00 -3.421172137048959616e+00 -2.471875962963749451e+00 8.548131816681671324e+00
6.153895631729406901e-01 8.247354441753678156e-01 -5.466934308402575660e+00 -3.067492153264659294e+00 -7.211821584980988575e+00 1.382540714136965665e+00
9.661113654663818773e-01 8.705182100903061659e-01 -6.263072799608687014e+00 -3.142828172157507982e+00 -3.676990322337979400e+00 1.929842405290981500e+00
9.068600188327802236e-01 9.700195904440573891e-01 -6.128572242750411903e+00 -3.332283288609877214e+00 -5.556834891897249662e+00 5.480273427466772596e+00
9.977845642520450919e-01 9.928040395524868611e-01 -6.334970960852142952e+00 -3.417092507327509132e+00 -6.908815829517305218e-01 8.240677790509138845e+00
8.313104194197498131e-01 9.965044987206814753e-01 -5.957074652082832600e+00 -3.414885022458945762e+00 -6.430207849853222690e+00 8.939072354923915498e+00
9.910463069341712838e-01 7.587679516401106827e-01 -6.319675116740569365e+00 -3.037854557830189428e+00 -1.625391620208877619e+00 9.067193657373939786e-01
9.915887158207780105e-01 7.228487172658021320e-01 -6.320906384913167031e+00 -3.014615070861172974e+00 -1.559059445235918773e+00 7.316605639824083074e-01
9.827713012393690661e-01 9.502588975147481243e-01 -6.300890853813367443e+00 -3.288070567263456923e+00 -2.491598392417574637e+00 4.173469465656075350e+00
9.547176999993695068e-01 9.404363463546976387e-01 -6.237209178998568859e+00 -3.261726797853140347e+00 -4.232723431534285652e+00 3.709726799652381501e+00
9.940808578818656205e-01 9.646040394211525815e-01 -6.326563547391835129e+00 -3.326830402762299244e+00 -1.235762792461818194e+00 5.057335675844490730e+00
9.706497932405550033e-01 9.505051183485042632e-01 -6.273375030656060503e+00 -3.287057865892216935e+00 -3.407477651909571748e+00 4.186348756875341692e+00
9.340268191058277436e-01 9.708832631069306274e-01 -6.190240879370229266e+00 -3.337320987327895061e+00 -4.947040899980861717e+00 5.553522471451659115e+00
9.788409409676596118e-01 9.958042453643800584e-01 -6.291968935996587575e+00 -3.425497780650895052e+00 -2.825926441007895029e+00 8.798685505434974630e+00
9.948397404984150594e-01 8.302363127674715626e-01 -6.328286210931402422e+00 -3.099570165660603394e+00 -1.130805097227196576e+00 1.435761508805638798e+00
7.878726453872133551e-01 9.847712511638060384e-01 -5.858470905028974940e+00 -3.370233442135448954e+00 -6.696968842226701746e+00 7.024989359112032261e+00
9.944475587044993015e-01 9.909714247088400318e-01 -6.327395958259213415e+00 -3.409923936633917130e+00 -1.185447416819261690e+00 7.930894657391957203e+00
9.972212259847716975e-01 7.251384082384142449e-01 -6.333692182985432240e+00 -3.016852863536805263e+00 -7.793219295850883910e-01 7.416018256983776258e-01
9.059059293151674463e-01 9.786641307717787175e-01 -6.126406459545430394e+00 -3.358411390998006674e+00 -5.573872288532731645e+00 6.300817379243405902e+00
9.645722708567938675e-01 9.894706282831695621e-01 -6.259579054844921941e+00 -3.400504205886133668e+00 -3.761387764067206874e+00 7.692711855738170179e+00
9.372616453773413570e-01 9.529424401110065945e-01 -6.197583935006565348e+00 -3.289260372297637680e+00 -4.853670421666436141e+00 4.317604589777255697e+00
9.186572899565995654e-01 9.724736322018366907e-01 -6.155352048201480741e+00 -3.340548895071830060e+00 -5.324627911818105019e+00 5.693035582139639672e+00
9.780869979713446849e-01 9.860944025055538020e-01 -6.290257485394953108e+00 -3.390500890238260290e+00 -2.885498815220650215e+00 7.202027860300179718e+00
9.931062194327071602e-01 7.270018038654577630e-01 -6.324351118112245373e+00 -3.017344250238612968e+00 -1.365969276166463686e+00 7.498024377220466885e-01
7.477695602808334119e-01 9.364793214934766796e-01 -5.767436901837491803e+00 -3.237986609435509866e+00 -6.872498899499451142e+00 3.546905133257468812e+00
9.533580045741556486e-01 6.526893775064652736e-01 -6.234122670383333897e+00 -2.973644283941748512e+00 -4.289698408704975208e+00 4.857905868647736103e-01
9.962792848955605018e-01 8.877468518353980320e-01 -6.331553976712922527e+00 -3.171222219998102165e+00 -9.225362990746210912e-01 2.219802666616468745e+00
9.553881085675349771e-01 9.951223519304088772e-01 -6.238731006448304584e+00 -3.420021957609808538e+00 -4.203986737292111364e+00 8.665844942363317926e+00
9.993804508539680942e-01 8.851572604644583064e-01 -6.338593623438507407e+00 -3.167888539600047348e+00 -4.282156525020619497e-01 2.172171528343427749e+00
9.766201470621731495e-01 9.444570648385085532e-01 -6.286927733831133125e+00 -3.273520928597225321e+00 -2.997578722509573801e+00 3.888463968828713924e+00
9.854846396289508315e-01 9.616542671208367921e-01 -6.307050131957718797e+00 -3.317528941982887503e+00 -2.234576247404600480e+00 4.850396924135925047e+00
8.512195972892229179e-01 9.234986635861991422e-01 -6.002268485846536272e+00 -3.217537530726576556e+00 -6.267057900062271258e+00 3.088067114005111691e+00
7.978742591059958533e-01 9.234350554141113054e-01 -5.881174568170610684e+00 -3.214059010203641709e+00 -6.644042302876925099e+00 3.086062765150341392e+00
9.304357004399237407e-01 9.974914102131636762e-01 -6.182089039998627022e+00 -3.426409073489343093e+00 -5.044447028066871397e+00 9.144105275190270277e+00
9.160634454208745892e-01 6.317170761504191656e-01 -6.149464021105385925e+00 -2.961015565240490144e+00 -5.379372366198936106e+00 4.294245255116335702e-01
9.999998830686620543e-01 8.674842963192009870e-01 -6.339999734565862965e+00 -3.143600339322022652e+00 -3.211316101307160054e-01 1.884688913726026982e+00
9.995638798235881861e-01 3.370219027680348978e-01 -6.339010007199545882e+00 -2.897344223013962772e+00 -3.968165314607094984e-01 2.318725515653718983e-02
9.999760554739034468e-01 9.926534460947900040e-01 -6.339945645925761042e+00 -3.416891574023064315e+00 -3.253065108601740363e-01 8.214387682276040437e+00
9.778588169465490809e-01 9.734806639685198437e-01 -6.289739514468666748e+00 -3.350076281919835086e+00 -2.903260521849921005e+00 5.784632895591924395e+00
8.842221000712033874e-01 9.738056343444183582e-01 -6.077184167161632011e+00 -3.341636098696822099e+00 -5.905936861939641069e+00 5.814752836786354351e+00
8.542118415968985579e-01 7.747316390432086308e-01 -6.009060880424960338e+00 -3.036112492529048357e+00 -6.239540953703988535e+00 1.000020132199316514e+00
6.920297107978761186e-01 9.747831917176272842e-01 -5.640907443511179231e+00 -3.333364122667589857e+00 -7.048150958279228995e+00 5.907064335542098199e+00
9.556644120127160136e-01 9.877865983143722106e-01 -6.239358215268865138e+00 -3.393555026090836257e+00 -4.192015992813336922e+00 7.440593781967186793e+00
5.426148735788520749e-01 9.155988324344888074e-01 -5.301735763023994963e+00 -3.187512807035043139e+00 -7.317557092252178208e+00 2.854385970317588228e+00
8.707220657854890522e-01 9.908991883732528594e-01 -6.046539089333060168e+00 -3.396846442439455771e+00 -6.070434543002347638e+00 7.919121979575746373e+00
9.674884191545793932e-01 9.189645918708870820e-01 -6.266198711480895689e+00 -3.219382076428216166e+00 -3.598597042846900074e+00 2.950321996888784604e+00
9.963898343957873216e-01 9.849750352819974797e-01 -6.331804924078436869e+00 -3.389351820144112626e+00 -9.060216439986126247e-01 7.051738540849501469e+00
5.595390675748929121e-01 9.374119240277865028e-01 -5.340153683395007178e+00 -3.231607054156297121e+00 -7.296130326976829394e+00 3.584187580116781291e+00
7.544302163588088028e-01 9.979913903600983183e-01 -5.782556591134496493e+00 -3.416171290497269197e+00 -6.846804489545393224e+00 9.251333680249597791e+00
9.954057894621129998e-01 9.942258196980318097e-01 -6.329571142078997070e+00 -3.421968898583629848e+00 -1.050382892551533054e+00 8.496728720943348634e+00
9.917954097643649769e-01 9.138090351613761264e-01 -6.321375580165108587e+00 -3.213226136490209939e+00 -1.533419719385763713e+00 2.805399199291211509e+00
9.709700045799407597e-01 8.917767738108792752e-01 -6.274101910396465698e+00 -3.173752164457606106e+00 -3.387195613921889503e+00 2.297172213490592974e+00
7.640145179725417179e-01 9.903680337204202599e-01 -5.804312955797669815e+00 -3.388319915887953560e+00 -6.807618999728874520e+00 7.833531363776683243e+00
9.739358431699232099e-01 9.831488927519940191e-01 -6.280834363995726477e+00 -3.380053015085757728e+00 -3.190522071037087848e+00 6.818427935842942489e+00
9.570803120002939757e-01 9.940423103187325804e-01 -6.242572308240667667e+00 -3.416182126264075691e+00 -4.129476357528687025e+00 8.462861021181758758e+00
9.964659103853975575e-01 9.218547085672603725e-01 -6.331977616574852696e+00 -3.228882881709806973e+00 -8.946122664413245218e-01 3.036937408457264009e+00
9.955914437065096489e-01 7.228646073257430915e-01 -6.329992577213777061e+00 -3.015234984386303108e+00 -1.023596230298249310e+00 7.317290466261063830e-01
9.327318028357707291e-01 8.663937467591408259e-01 -6.187301192437200115e+00 -3.133758020013442724e+00 -4.982894260468673231e+00 1.868838679562127680e+00
9.869850045144341610e-01 9.794772183935266385e-01 -6.310455960247765894e+00 -3.369908447845133548e+00 -2.081946160234347865e+00 6.389317255597232403e+00
9.860081772718902737e-01 7.587963361219550729e-01 -6.308238562407191274e+00 -3.037138876494869244e+00 -2.182214848937636731e+00 9.068757349608416174e-01
9.492231089495195562e-01 9.851540859321836763e-01 -6.224736457315409588e+00 -3.383816478565104369e+00 -4.452899001779430321e+00 7.075394105002460243e+00
9.978362298889711379e-01 6.321203767638874371e-01 -6.335088241847964596e+00 -2.970838052344026980e+00 -6.826623785721990245e-01 4.304502702366017619e-01
9.672385235212217491e-01 9.206016121100972782e-01 -6.265631448393174097e+00 -3.222436688216514522e+00 -3.613032299978400808e+00 2.998882521900726239e+00
9.636618762277768813e-01 9.780211190009138189e-01 -6.257512459037053887e+00 -3.362227452822458496e+00 -3.809785991828031904e+00 6.232374781548227105e+00
9.390618458922241896e-01 8.293142824454907691e-01 -6.201670390175349823e+00 -3.091642572186473092e+00 -4.799208874685525927e+00 1.426647774134797153e+00
9.455745420793197908e-01 9.188903912611647851e-01 -6.216454210520056201e+00 -3.216723467327935904e+00 -4.585494397734147576e+00 2.948151139205969162e+00
7.544711531321384168e-01 9.264876944922956215e-01 -5.782649517609954160e+00 -3.217659790135663389e+00 -6.846642799264467172e+00 3.184709922758505840e+00
9.912889858903151108e-01 9.734097515581904281e-01 -6.320225997971015808e+00 -3.351762784119045602e+00 -1.595882740431346924e+00 5.778097255728811277e+00
9.255513862505002631e-01 9.447899268292964114e-01 -6.171001646788635497e+00 -3.268581861375270403e+00 -5.167420576096388274e+00 3.903911944936664824e+00
9.086575217022958562e-01 9.672460261021005312e-01 -6.132652574264211509e+00 -3.324484650520239448e+00 -5.524080544179232888e+00 5.256202434932207623e+00
7.418849013844837081e-01 9.734396865783723207e-01 -5.754078726142778599e+00 -3.331731764771674431e+00 -6.894227090759766696e+00 5.780854612254117342e+00
8.457615316830133789e-01 7.705592730697103931e-01 -5.989878676920440626e+00 -3.032377286423467933e+00 -6.315087226678854471e+00 9.745540108645984745e-01
9.813308693548226103e-01 9.052425855034520463e-01 -6.297621073435447414e+00 -3.196786005769049588e+00 -2.618996469349494483e+00 2.588512921961356739e+00
9.742568909498032781e-01 9.766959190881930875e-01 -6.281563142456054294e+00 -3.359417141845633559e+00 -3.168228226255423330e+00 6.095447205513515598e+00
7.679824290833235922e-01 7.640978618330792616e-01 -5.813320114019145279e+00 -3.022955381567361766e+00 -6.790576253732851342e+00 9.366542439668612552e-01
9.927824579611459477e-01 9.918372624378788416e-01 -6.323616179571802220e+00 -3.412794712254810126e+00 -1.408125555913247950e+00 8.074542032222602472e+00
8.761148789967834194e-01 8.164565964501386830e-01 -6.058780775322698986e+00 -3.073387939328453555e+00 -6.007921924852259288e+00 1.307366828308181184e+00
7.385626584437423592e-01 9.979261383106139416e-01 -5.746537234667295380e+00 -3.415100626196211131e+00 -6.906111767493086084e+00 9.237207353917760599e+00
9.915420602478690615e-01 9.091880491382419160e-01 -6.320800476762663322e+00 -3.205012463296768921e+00 -1.564818966889470531e+00 2.684963938382969761e+00
8.648603849849250125e-01 9.552873526467514642e-01 -6.033233073915780231e+00 -3.288997016846273436e+00 -6.134076850289694960e+00 4.450704182555980992e+00
7.528833812920978641e-01 9.826249825761931289e-01 -5.779045275533062132e+00 -3.361187332731644606e+00 -6.852879761888591048e+00 6.754056410141664912e+00
9.515883212929806545e-01 9.884286370985648773e-01 -6.230105489335066693e+00 -3.395333646394948168e+00 -4.361337367433037571e+00 7.534911463177130564e+00
8.312295003581093855e-01 8.422766604339961827e-01 -5.956890965812908334e+00 -3.096894345722123632e+00 -6.430807857396288796e+00 1.562531810612401095e+00
9.373214928322137762e-01 9.878201507489863253e-01 -6.197719788729125767e+00 -3.391697063774408605e+00 -4.851889472063612097e+00 7.445469350441396905e+00
9.258746287356235394e-01 9.545467016485593703e-01 -6.171735407229865800e+00 -3.292150783717987306e+00 -5.159597536705248011e+00 4.407908798177606613e+00
8.544697657749256159e-01 9.557407265572913646e-01 -6.009646368309081055e+00 -3.289415088826276534e+00 -6.237127932222788829e+00 4.477255488752579282e+00
9.971345402376544653e-01 8.662091154960271933e-01 -6.333495406339475942e+00 -3.141491634614306694e+00 -7.927422781727448964e-01 1.866174642807103101e+00
9.214571172719321357e-01 7.356833315666538864e-01 -6.161707656207285666e+00 -3.014297140664299768e+00 -5.262924263026629745e+00 7.893666520151456645e-01
7.874797368458598124e-01 9.574217760986035719e-01 -5.857579002640101784e+00 -3.289551084747969867e+00 -6.698961965236818195e+00 4.578135342752213788e+00
8.433058030623256096e-01 8.502280579950108885e-01 -5.984304172951479650e+00 -3.106734281028733946e+00 -6.335834741928318969e+00 1.655003998297925438e+00
8.570136777463406297e-01 9.430769786384038955e-01 -6.015421048484193456e+00 -3.259100743664112620e+00 -6.212967737080052011e+00 3.825504411339812449e+00
8.643322162658526597e-01 9.978543517330846768e-01 -6.032034130923485726e+00 -3.422308527753902929e+00 -6.139605538079589309e+00 9.221712522000228063e+00
9.933316664918089289e-01 9.780940110524827258e-01 -6.324862882936406194e+00 -3.366467401269419568e+00 -1.336296103371966915e+00 6.240066301274170613e+00
9.561760642778576180e-01 9.239778258281499124e-01 -6.240519665910737146e+00 -3.227610217685637828e+00 -4.169649626349795746e+00 3.103234469426097597e+00
9.878473803060418001e-01 8.897792350104645198e-01 -6.312413553294715207e+00 -3.173003038147296007e+00 -1.990525423348680434e+00 2.258313135651351278e+00
9.806831855111648455e-01 8.408373769754233784e-01 -6.296150831110344015e+00 -3.108830990420250906e+00 -2.674390383148756989e+00 1.546576463667641121e+00
9.220653799575382337e-01 9.197962523733389517e-01 -6.163088412503611835e+00 -3.216079503495519187e+00 -5.249142968872630988e+00 2.974831741012021080e+00
9.774799528912652136e-01 9.968210653726938819e-01 -6.288879493063172177e+00 -3.429185079988015694e+00 -2.932482159009044409e+00 9.003905376093012336e+00
9.115807166101131953e-01 7.722294234536422053e-01 -6.139288226704957552e+00 -3.038675235736497449e+00 -5.468905245619128941e+00 9.846515009501266569e-01
8.955962501190073421e-01 9.166332537502270839e-01 -6.103003487770147117e+00 -3.207879397720948322e+00 -5.743928941731216042e+00 2.883328658998009164e+00
8.662176525877679500e-01 9.170494987746955484e-01 -6.036314071374233592e+00 -3.206388619546641117e+00 -6.119717325308709377e+00 2.895108682931874622e+00
9.963898140761288102e-01 9.788935920005189528e-01 -6.331804877952812660e+00 -3.369463991265194913e+00 -9.060246865373038361e-01 6.325568885972002953e+00
9.604625779021241927e-01 9.249402296586696215e-01 -6.250250051837822340e+00 -3.229989892423419384e+00 -3.971488484929254881e+00 3.134068533161678438e+00
9.375614739095243788e-01 9.357362742259112132e-01 -6.198264545774620160e+00 -3.249618290472938043e+00 -4.844727906307499055e+00 3.517661539217322719e+00
9.733954000348830071e-01 8.177441458601888424e-01 -6.279607558079185026e+00 -3.084074416034685129e+00 -3.227592641470577561e+00 1.318690969992778683e+00
8.840261649107794550e-01 6.981224538764035925e-01 -6.076739394347470125e+00 -2.989281072813809281e+00 -5.908524467089634413e+00 6.330303874628764316e-01
9.789804700729876075e-01 9.688693599428037651e-01 -6.292285667065682375e+00 -3.336674382734100774e+00 -2.814750037070354871e+00 5.385338573090253433e+00
9.770282711658362373e-01 9.959586335497658816e-01 -6.287854175546448765e+00 -3.425839686256082040e+00 -2.966887869384361665e+00 8.829285601158659347e+00
9.891702210082773394e-01 9.946677014645565196e-01 -6.315416401688789705e+00 -3.422676388155251548e+00 -1.844700321559566092e+00 8.579314348395563172e+00
9.209821135840338124e-01 9.664637195619067978e-01 -6.160629397835757359e+00 -3.323385950782791198e+00 -5.273591197308594936e+00 5.195902905305851860e+00
7.028925951030261521e-01 9.529755564836891457e-01 -5.665566190883869702e+00 -3.273924157136832935e+00 -7.018608890968178748e+00 4.319436483005456573e+00
9.601901887579431527e-01 7.646095592253764339e-01 -6.249631728480531834e+00 -3.037962398171176748e+00 -3.984684803209272985e+00 9.395899622511152405e-01
9.871621586265969528e-01 9.054370178954678217e-01 -6.310858100082375799e+00 -3.197936488349600204e+00 -2.063392462819116702e+00 2.593136703466397464e+00
9.684646330218333876e-01 9.853896941566371304e-01 -6.268414716959561872e+00 -3.386860129483883597e+00 -3.541289543305891740e+00 7.106742164294424846e+00
9.743007323810213283e-01 8.017771511942015650e-01 -6.281662662504919226e+00 -3.069477748393803385e+00 -3.165167887313976358e+00 1.186914236546554147e+00
9.480470983514495131e-01 9.368395160881954897e-01 -6.222066913257791043e+00 -3.253094352934986500e+00 -4.496740984642202399e+00 3.561227422103401707e+00
7.711240627447117912e-01 8.598129848014138821e-01 -5.820451622430495853e+00 -3.113929412078107362e+00 -6.776721187368819344e+00 1.777213546840524572e+00
9.875260259919931283e-01 9.880048661820619582e-01 -6.311684079001825154e+00 -3.398400986050886807e+00 -2.024918742916844039e+00 7.472415355609903109e+00
9.273469493362910265e-01 9.253007845806863196e-01 -6.175077574993380836e+00 -3.227182174933149295e+00 -5.123414345707741013e+00 3.145749426235567192e+00
4.341418910329455372e-01 9.741607681815358522e-01 -5.055502092644786671e+00 -3.321085710575213845e+00 -7.422441925389534845e+00 5.847989284604866000e+00
9.422171218409782778e-01 9.985048589856333479e-01 -6.208832866579021115e+00 -3.431529927505138744e+00 -4.699092121437850267e+00 9.363907591204288394e+00
9.455701432412866314e-01 9.737993398727149419e-01 -6.216444225157720993e+00 -3.347179760722993169e+00 -4.585648313634488105e+00 5.814166781931557004e+00
9.984841326593916211e-01 9.405026791763908545e-01 -6.336558981136819924e+00 -3.267732950499221634e+00 -5.780071145963159296e-01 3.712562618988543228e+00
8.785486558372979093e-01 9.593532127162328615e-01 -6.064305448750666017e+00 -3.300506001918445342e+00 -5.978364111249571344e+00 4.698995534182159872e+00
8.855512558022057279e-01 9.642127563410184399e-01 -6.080201350671007532e+00 -3.314115613018736806e+00 -5.888213264653368029e+00 5.029004169283097347e+00
9.599932508252114749e-01 9.805587973367791976e-01 -6.249184679373230189e+00 -3.369869080639824599e+00 -3.994172388683038477e+00 6.510558705250340417e+00
9.998484542426298027e-01 9.232272754644845758e-01 -6.339655991130769941e+00 -3.232063482407024679e+00 -3.475872225460570064e-01 3.079530205720430125e+00
6.874332612022047151e-01 3.736722842840410341e-01 -5.630473502929005392e+00 -2.878925560522076044e+00 -7.060082337508775119e+00 5.013393302944946228e-02
7.228474892485011738e-01 9.060951207404924768e-01 -5.710863800594097484e+00 -3.178583344577062597e+00 -6.958879955236483283e+00 2.608884252103118584e+00
9.967022895203213606e-01 9.856893215791719953e-01 -6.332514197211129847e+00 -3.391818987583793188e+00 -8.589275052082276929e-01 7.146974136556134560e+00
9.696324499058762703e-01 8.366055327047036139e-01 -6.271065661286339576e+00 -3.102777709427920083e+00 -3.470755631158795929e+00 1.500963084281134563e+00
9.871305104749377168e-01 9.976066823483735746e-01 -6.310786258778108504e+00 -3.433544358589999401e+00 -2.066715518714614674e+00 9.168622177231785741e+00
9.953771132099601404e-01 8.794867954622871409e-01 -6.329506046986610457e+00 -3.159115273695423998e+00 -1.054502137307433252e+00 2.073146829423280213e+00
8.987703261590131998e-01 5.306089424085688178e-01 -6.110208640380960787e+00 -2.925398354732334116e+00 -5.694159959424030859e+00 2.274513844968080178e-01
9.728349311031254665e-01 5.705844615404942477e-01 -6.278335293604095035e+00 -2.944980057502741388e+00 -3.265441620811446732e+00 2.958321429324908269e-01
8.536893369301091772e-01 9.057341136782282032e-01 -6.007874794831348453e+00 -3.185492172893462648e+00 -6.244409004823202380e+00 2.600227162751153287e+00
9.877002215675315666e-01 9.288051752547399342e-01 -6.312079502958297006e+00 -3.241249063666980401e+00 -2.006324001789600686e+00 3.263104008313629123e+00
9.587259571012460846e-01 9.906122684550073831e-01 -6.246307922619829256e+00 -3.403869950850797910e+00 -4.054175041201020235e+00 7.872675973568168395e+00
9.774310467533120494e-01 9.285100100914718269e-01 -6.288768476130018215e+00 -3.239223933267356248e+00 -2.936230015080730560e+00 3.252943932883498590e+00
9.517970165869501509e-01 9.893233886702692548e-01 -6.230579227652377483e+00 -3.398500399247864401e+00 -4.353032420565677185e+00 7.670048745421767400e+00
9.352782524457130542e-01 9.424276896020333805e-01 -6.193081633051768620e+00 -3.264126731438451223e+00 -4.911580215576886843e+00 3.796477048941962806e+00
9.810980638298549827e-01 9.574519857195705752e-01 -6.297092604893771650e+00 -3.305843329327426083e+00 -2.639038825290173307e+00 4.579984127190952492e+00
8.632493215789041052e-01 9.045589987412554489e-01 -6.029575959984112998e+00 -3.184181060384060569e+00 -6.150838902563861232e+00 2.572359495377988026e+00
9.907962281890057010e-01 5.988798753925386187e-01 -6.319107437989043063e+00 -2.957074798194205378e+00 -1.655518618476195414e+00 3.526537589418128338e-01
9.505892449985772208e-01 5.864007648845137588e-01 -6.227837586146771187e+00 -2.947575851777675116e+00 -4.400580172420960778e+00 3.266319134165687199e-01
8.538799370887668605e-01 9.251815309188113901e-01 -6.008307457191500944e+00 -3.221007745276203593e+00 -6.242636362825200180e+00 3.141878092434058800e+00
9.691712836475729898e-01 9.802424099870081786e-01 -6.270018813879991271e+00 -3.369964645746575282e+00 -3.498872501835432303e+00 6.474666839232308568e+00
7.580379233631285851e-01 8.326779062116078656e-01 -5.790746086034301854e+00 -3.082292793014446808e+00 -6.832371731241762447e+00 1.460284986270296681e+00
9.056740897316654104e-01 9.261304703162736018e-01 -6.125880183690880720e+00 -3.226854898477472311e+00 -5.577976624936308525e+00 3.172901152126183177e+00
9.820593124487408954e-01 3.546166156360461841e-01 -6.299274639258642061e+00 -2.897347979452091771e+00 -2.555310698408575831e+00 3.559546913958966385e-02
9.408972467471586887e-01 8.568825323330897525e-01 -6.205836750116050737e+00 -3.122667632568053797e+00 -4.741719132013962223e+00 1.738506602560091707e+00
8.508733729847631766e-01 9.849541745957837158e-01 -6.001482556675412638e+00 -3.374754886478273708e+00 -6.270186156837358027e+00 7.048991832194656304e+00
7.274923440161946697e-01 9.177645605183313293e-01 -5.721407620916762582e+00 -3.199534674663256695e+00 -6.943849649064234519e+00 2.915527558634123384e+00
9.709023545995690840e-01 8.969203977043173071e-01 -6.273948344941022270e+00 -3.181772410783120009e+00 -3.391495351353555954e+00 2.402123851496149154e+00
9.897248788658477014e-01 8.487875044772834610e-01 -6.316675475025474995e+00 -3.119086908459865359e+00 -1.781441359900282073e+00 1.637685332937635074e+00
9.614348287630112289e-01 9.162376029726387872e-01 -6.252457061292036045e+00 -3.213594033972440034e+00 -3.923675194365952024e+00 2.872202924834000637e+00
9.338370826502850885e-01 8.542589018369670661e-01 -6.189810177616147158e+00 -3.118786272397305659e+00 -4.952346739992417923e+00 1.704877285717994795e+00
9.974279511995159941e-01 9.519620649149853620e-01 -6.334161449222901474e+00 -3.294401400192371376e+00 -7.471159312200539304e-01 4.263971607422353927e+00
9.968817370584949211e-01 9.904366521991734285e-01 -6.332921543122783881e+00 -3.408386398265139228e+00 -8.315983188910847090e-01 7.844493095816818418e+00
7.310144637867241890e-01 8.474557839464251785e-01 -5.729402832795864597e+00 -3.097116060704322660e+00 -6.932143294662499677e+00 1.621903532100723577e+00
6.464461477557242874e-01 9.192895843481905249e-01 -5.537432755405494511e+00 -3.198619112081149130e+00 -7.153621178422333138e+00 2.959860732137725936e+00
9.512060638395548606e-01 9.967902393475296385e-01 -6.229237764915789732e+00 -3.425875447648802474e+00 -4.376452091149223733e+00 8.997553982198329692e+00
9.899861698576728486e-01 9.707517698395649042e-01 -6.317268605576917828e+00 -3.343689081598109070e+00 -1.751190761980316424e+00 5.542258798031387101e+00
9.722900781464740572e-01 9.898242029397161801e-01 -6.277098477392495823e+00 -3.402719590274039696e+00 -3.301668413355046461e+00 7.747637221070475810e+00
9.629047970439266191e-01 8.611235585700814932e-01 -6.255793889289713583e+00 -3.130346665159495778e+00 -3.849205069942292390e+00 1.794929899969943232e+00
8.434970632868797891e-01 9.766794198952697403e-01 -5.984738333661217879e+00 -3.347496475654827552e+00 -6.334237331872198062e+00 6.093776409601542987e+00
9.895080333770303049e-01 9.422807563487112237e-01 -6.316183235765858939e+00 -3.270351464811251496e+00 -1.806326023257747160e+00 3.789959739040525299e+00
9.977427319432948805e-01 9.910732248030087455e-01 -6.334876001511279497e+00 -3.410803567992012120e+00 -6.975230074174465500e-01 7.947540034082098082e+00
9.698606463575624170e-01 9.897862014376486162e-01 -6.271583667231666936e+00 -3.402275741642671658e+00 -3.456713213137528662e+00 7.741699583697640996e+00
9.744965262050773180e-01 9.887251689697360568e-01 -6.282107114485525834e+00 -3.399127592575740930e+00 -3.151453393796299629e+00 7.579212847364451555e+00
9.587400053612709083e-01 9.711615216509820181e-01 -6.246339812170084826e+00 -3.340798371830403291e+00 -4.053519688903246987e+00 5.577492227691323023e+00
8.567517363949662679e-01 9.034287032161258946e-01 -6.014826441616573760e+00 -3.181830724869461946e+00 -6.215486105335275013e+00 2.545996628445437171e+00
9.484798954489469525e-01 8.413540129494124775e-01 -6.223049362669110351e+00 -3.105476685684359417e+00 -4.480731997404132194e+00 1.552277283881517089e+00
9.588168602870652535e-01 9.670895965867678523e-01 -6.246514272851638516e+00 -3.329073555831377540e+00 -4.049930569412075521e+00 5.244046747975130707e+00
9.905224064577039522e-01 9.072831845766089476e-01 -6.318485862658988594e+00 -3.201571734258935376e+00 -1.688182729881655852e+00 2.637698961421386823e+00
9.602253232447521825e-01 9.234544413347114400e-01 -6.249711483765587161e+00 -3.227062935725453663e+00 -3.982987485602805577e+00 3.086673407441783645e+00
8.930648655543252934e-01 9.776838621448847855e-01 -6.097257244808318433e+00 -3.354255564879023765e+00 -5.782111252959321490e+00 6.197007905322556631e+00
9.847570790626651860e-01 7.909350190044556195e-01 -6.305398569472250081e+00 -3.061610062711496383e+00 -2.305805709374186385e+00 1.107086447842877686e+00
5.104069661574054395e-01 9.253407530502565370e-01 -5.228623813177311064e+00 -3.204739310201627056e+00 -7.354046930263242743e+00 3.147048670720656638e+00
8.289989630605500981e-01 9.182013655743319624e-01 -5.951827646147449080e+00 -3.206003671769900976e+00 -6.447166719406594027e+00 2.928115392878241963e+00
9.924219390571720201e-01 9.898413803972250236e-01 -6.322797801659780781e+00 -3.405580354732022474e+00 -1.454445130130697983e+00 7.750323889761056684e+00
9.853616923650452275e-01 8.887231377004491950e-01 -6.306771041668652877e+00 -3.171055498796925054e+00 -2.246737153768241235e+00 2.238175073161460027e+00
9.901977278359650469e-01 8.065072311367897928e-01 -6.317748842187640435e+00 -3.075909828946545854e+00 -1.726482640963864945e+00 1.224071318812801401e+00
9.865408627659257856e-01 9.898444108559327770e-01 -6.309447758478651913e+00 -3.404725278597073856e+00 -2.127958889668161824e+00 7.750798050568111996e+00
9.314510604635760638e-01 9.765979369053473524e-01 -6.184393907252317746e+00 -3.354286834551247765e+00 -5.017538482027296354e+00 6.085537012599935736e+00
9.826102816705231113e-01 8.664075347812179029e-01 -6.300525339392088142e+00 -3.139600237009700923e+00 -2.506136603214791592e+00 1.869037850715011384e+00
9.912152973622587737e-01 7.133610631823559256e-01 -6.320058725012327905e+00 -3.009021331431307456e+00 -1.604871687351234755e+00 6.919937683346870649e-01
9.715829077171563855e-01 8.416835164076579279e-01 -6.275493200517945347e+00 -3.108562298063463292e+00 -3.347873920179724294e+00 1.555928591524607274e+00
9.039801165791110371e-01 9.228873643667010462e-01 -6.122034864634581908e+00 -3.220366526372197669e+00 -5.607551011039104694e+00 3.068891978535063458e+00
9.531513653551262344e-01 8.107016430953237762e-01 -6.233653599356136610e+00 -3.074986303056530978e+00 -4.298207606597027386e+00 1.258305035041194397e+00
9.931229243647239358e-01 7.919560182017622019e-01 -6.324389038307923983e+00 -3.063688222658382809e+00 -1.363779606812701495e+00 1.114304772208420502e+00
9.533919936606631840e-01 9.540553346595265216e-01 -6.234199825609705314e+00 -3.293759649311685855e+00 -4.288295048057660708e+00 4.379906805848773566e+00
9.909619812595663602e-01 9.593081987206890648e-01 -6.319483697459215676e+00 -3.312092950114687184e+00 -1.635582089841895126e+00 4.696115933118036878e+00
9.812279714208274051e-01 9.786780894262594455e-01 -6.297387495125278178e+00 -3.366559538198793167e+00 -2.627873351309842676e+00 6.302318099932024076e+00
8.331086669905797271e-01 9.013604547850393445e-01 -5.961156674068616823e+00 -3.176825880230253141e+00 -6.416753488035388031e+00 2.498844588450811699e+00
8.949459363297758152e-01 7.962953655048009560e-01 -6.101527275468590972e+00 -3.056620851315201115e+00 -5.753862559014795153e+00 1.145661705741571446e+00
9.706966797528340241e-01 8.342846638523488956e-01 -6.273481463038933725e+00 -3.100436492339127437e+00 -3.404518965800785502e+00 1.476739330131746186e+00
8.628749680565749314e-01 9.851797064590005482e-01 -6.028726177488425542e+00 -3.376354846717422475e+00 -6.154690697444752168e+00 7.078790784238660372e+00
9.516535278725802849e-01 8.334900988652389486e-01 -6.230253508270758189e+00 -3.097337393515255499e+00 -4.358746536969960061e+00 1.468570584140290958e+00
8.818837871287883434e-01 9.177197567825731150e-01 -6.071876196782350021e+00 -3.208797954804294861e+00 -5.936406563858500185e+00 2.914241350730498059e+00
9.276706408903100387e-01 9.775598160939333869e-01 -6.175812354821004213e+00 -3.356914264967524542e+00 -5.115336178052956484e+00 6.184090032153529037e+00
8.567391396608352583e-01 6.538832781979964093e-01 -6.014797847030096456e+00 -2.965732612631938103e+00 -6.215607033986950469e+00 4.891951610647222726e-01
9.310271425153000546e-01 9.902213708918770063e-01 -6.183431613509731584e+00 -3.399518184715948355e+00 -5.028831939972308263e+00 7.810195929498465084e+00
9.881360774875213027e-01 9.625315997526893153e-01 -6.313068895896673638e+00 -3.320276642779999676e+00 -1.959289772271017860e+00 4.910377677271972274e+00
9.135841858272142346e-01 9.102965425754870887e-01 -6.143836101827776730e+00 -3.198035889577588886e+00 -5.429654377310584756e+00 2.713091707135151687e+00
9.692238498308616279e-01 9.404302865054997573e-01 -6.270138139116056664e+00 -3.263442838585685735e+00 -3.495685121775270687e+00 3.709467914314693360e+00
8.745625250363970871e-01 9.423432487615210906e-01 -6.055256931832621703e+00 -3.258702564720947770e+00 -6.026327893214217468e+00 3.792729318232630042e+00
8.414725876938784488e-01 5.946580303508413046e-01 -5.980142774065104305e+00 -2.941270334850053736e+00 -6.350990837580114956e+00 3.436714987796509746e-01
9.797509275154870911e-01 9.159955512375611564e-01 -6.294034605460156584e+00 -3.215475384207151954e+00 -2.752161114924360774e+00 2.865430463806504680e+00
9.762278469281131521e-01 9.927505098959429342e-01 -6.286037212526817797e+00 -3.413780839727983185e+00 -3.026730954330833612e+00 8.231315060027210251e+00
9.888954431185639216e-01 8.183570808336020352e-01 -6.314792655879140071e+00 -3.086798729754178350e+00 -1.875567059686876981e+00 1.324127968360148788e+00
8.158655893444974883e-01 6.648723334640169735e-01 -5.922014887812009576e+00 -2.968052771301011195e+00 -6.536905430159733577e+00 5.216077377958048267e-01
8.818482034284740312e-01 8.055322109763952687e-01 -6.071795421782636204e+00 -3.063690703592730546e+00 -5.936863403405500783e+00 1.216289135869256022e+00
9.273811106661573600e-01 8.467094348987992403e-01 -6.175155121212177356e+00 -3.109334992029195277e+00 -5.122563926677273116e+00 1.613153046769705057e+00
9.749692389149431371e-01 9.432839327979984922e-01 -6.283180172336921387e+00 -3.270612855607423874e+00 -3.118021044214449589e+00 3.834835431807890771e+00
9.800561958913627247e-01 9.257024484099931616e-01 -6.294727564673394227e+00 -3.233971789251101292e+00 -2.726944886978985849e+00 3.158846271378601855e+00
8.971167035629430409e-01 9.855461101085627451e-01 -6.106454917087880574e+00 -3.380218540649202019e+00 -5.720358488281768850e+00 7.127693182357877966e+00
9.021326418306122585e-01 7.869885837336871859e-01 -6.117841096955490165e+00 -3.049442436245505039e+00 -5.638995896582958522e+00 1.079736753043678554e+00
9.698163327410331824e-01 9.237396713112542290e-01 -6.271483075322145773e+00 -3.228784653001910421e+00 -3.459446885449708908e+00 3.095680785462932683e+00
9.988115857601937986e-01 8.442743342235115023e-01 -6.337302299675640072e+00 -3.115335666300167894e+00 -5.239723794281196945e-01 1.585063203425334688e+00
9.999999801731703775e-01 7.928985599191613609e-01 -6.339999954993096765e+00 -3.065555635038129001e+00 -3.211145869241249784e-01 1.121021657530191451e+00
8.704435558378258442e-01 9.741950074019477546e-01 -6.045906871751864919e+00 -3.341770152148528350e+00 -6.073556589867834532e+00 5.851211570958554375e+00
9.732244726053056461e-01 8.754274463898954473e-01 -6.279219552814044647e+00 -3.150344052468756040e+00 -3.239199111792777863e+00 2.006379920362357794e+00
9.523113809163809007e-01 9.676915223851138004e-01 -6.231746834680184755e+00 -3.330037549961981647e+00 -4.332401768262465147e+00 5.291094043038589767e+00
9.748303097179191745e-01 9.369167343464930298e-01 -6.282864803059677428e+00 -3.256449255667114073e+00 -3.127894187631278911e+00 3.564310401407189133e+00
8.789530748553217032e-01 9.376638762530609128e-01 -6.065223479921580285e+00 -3.248647327689219377e+00 -5.973367368663449639e+00 3.594372334908197075e+00
8.557550367067657815e-01 9.646381742390240932e-01 -6.012563933324358345e+00 -3.313091961299499566e+00 -6.225003870867532818e+00 5.059820529956620128e+00
8.294246624382468625e-01 9.574950365497048033e-01 -5.952793983734820493e+00 -3.292253586664244835e+00 -6.444071263962185547e+00 4.582621009610938323e+00
9.788237895372171593e-01 9.523460596074782014e-01 -6.291930002249483067e+00 -3.292635386567810407e+00 -2.827296981016899302e+00 4.284841701256816293e+00
6.689223118409208801e-01 9.554180081974104066e-01 -5.588453647878890429e+00 -3.278483904556534601e+00 -7.105015484563777406e+00 4.458327946340304493e+00
8.112438860277728647e-01 9.964923397057400267e-01 -5.911523621283044427e+00 -3.413592306614755323e+00 -6.566037601673340163e+00 8.936599411054018560e+00
9.902664945596938439e-01 9.977805969442776757e-01 -6.317904942650505618e+00 -3.434675000981327386e+00 -1.718409383777492749e+00 9.205842982675648045e+00
9.013731101063072737e-01 9.908527874676725800e-01 -6.116116959941317432e+00 -3.399087966787571524e+00 -5.651685899898691190e+00 7.911576699637190124e+00
9.840768355750907359e-01 8.005318149342076639e-01 -6.303854416755456214e+00 -3.069706994610275519e+00 -2.370837591147782142e+00 1.177376236159623168e+00
